16 0

0.0 1.0 2.0 3.0   1.0 1.4 2.2 3.1   2.0 2.2 2.8 3.5   3.0 3.1 3.5 4.5
1.0 0.0 1.0 2.0   1.4 1.0 1.4 2.2   2.2 2.0 2.2 2.8   3.1 3.0 3.1 3.5
2.0 1.0 0.0 1.0   2.2 1.4 1.0 1.4   2.8 2.2 2.0 2.2   3.5 3.1 3.0 3.1
3.0 2.0 1.0 0.0   3.1 2.2 1.4 1.0   3.5 2.8 2.2 2.0   4.5 3.5 3.1 3.0

1.0 1.4 2.2 3.1   0.0 1.0 2.0 3.0   1.0 1.4 2.2 3.1   2.0 2.2 2.8 3.5
1.4 1.0 1.4 2.2   1.0 0.0 1.0 2.0   1.4 1.0 1.4 2.2   2.2 2.0 2.2 2.8
2.2 1.4 1.0 1.4   2.0 1.0 0.0 1.0   2.2 1.4 1.0 1.4   2.8 2.2 2.0 2.2
3.1 2.2 1.4 1.0   3.0 2.0 1.0 0.0   3.1 2.2 1.4 1.0   3.5 2.8 2.2 2.0

2.0 2.2 2.8 3.5   1.0 1.4 2.2 3.1   0.0 1.0 2.0 3.0   1.0 1.4 2.2 3.1
2.2 2.0 2.2 2.8   1.4 1.0 1.4 2.2   1.0 0.0 1.0 2.0   1.4 1.0 1.4 2.2
2.8 2.2 2.0 2.2   2.2 1.4 1.0 1.4   2.0 1.0 0.0 1.0   2.2 1.4 1.0 1.4
3.5 2.8 2.2 2.0   3.1 2.2 1.4 1.0   3.0 2.0 1.0 0.0   3.1 2.2 1.4 1.0

3.0 3.1 3.5 4.5   2.0 2.2 2.8 3.5   1.0 1.4 2.2 3.1   0.0 1.0 2.0 3.0
3.1 3.0 3.1 3.5   2.2 2.0 2.2 2.8   1.4 1.0 1.4 2.2   1.0 0.0 1.0 2.0
3.5 3.1 3.0 3.1   2.8 2.2 2.0 2.2   2.2 1.4 1.0 1.4   2.0 1.0 0.0 1.0
4.5 3.5 3.1 3.0   3.5 2.8 2.2 2.0   3.1 2.2 1.4 1.0   3.0 2.0 1.0 0.0